pola
1 1 1 0 0 0 1 1 1 
1 1 1 1 0 1 1 1 1 
1 0 0 0 0 0 0 0 1 
1 0 0 0 0 0 0 0 1 
1 0 0 0 0 0 0 0 1
1 0 0 0 0 0 0 0 1 
1 0 0 0 0 0 0 0 1 
1 0 0 0 0 0 0 0 1 
1 0 0 0 0 0 0 0 1 
1 0 0 0 0 0 0 0 1 
1 0 0 0 0 0 0 0 1 
1 1 1 1 0 1 1 1 1 
1 1 1 0 0 0 1 1 1 
vertical
1 1 1 1 0 1 1 1 1 
1 0 0 0 0 0 0 0 1 
1 0 0 0 0 0 0 0 1 
1 0 0 0 0 0 0 0 1 
1 0 0 0 0 0 0 0 1 
1 0 0 0 0 0 0 0 1 
1 0 0 0 0 0 0 0 1 
1 0 0 0 0 0 0 0 1 
1 0 0 0 0 0 0 0 1 
1 0 0 0 0 0 0 0 1 
1 0 0 0 0 0 0 0 1 
1 1 1 1 0 1 1 1 1 
horizontal
1 1 1 1 0 0 1 1 1 1 
1 0 0 0 0 0 0 0 0 1 
1 0 0 0 0 0 0 0 0 1 
1 0 0 0 0 0 0 0 0 1 
1 0 0 0 0 0 0 0 0 1 
1 0 0 0 0 0 0 0 0 1 
1 0 0 0 0 0 0 0 0 1 
1 0 0 0 0 0 0 0 0 1 
1 0 0 0 0 0 0 0 0 1 
1 0 0 0 0 0 0 0 0 1 
1 1 1 1 0 0 1 1 1 1 
diags
1 1 1 1 0 0 1 1 1 1 
1 0 0 0 0 0 0 0 0 1 
1 0 0 0 0 0 0 0 0 1 
1 0 0 0 0 0 0 0 0 1 
1 0 0 0 0 0 0 0 0 1 
1 0 0 0 0 0 0 0 0 1 
1 0 0 0 0 0 0 0 0 1 
1 0 0 0 0 0 0 0 0 1 
1 0 0 0 0 0 0 0 0 1 
1 0 0 0 0 0 0 0 0 1 
1 0 0 0 0 0 0 0 0 1 
1 1 1 1 0 0 1 1 1 1 
adiags
1 1 1 1 0 0 1 1 1 1 
1 0 0 0 0 0 0 0 0 1 
1 0 0 0 0 0 0 0 0 1 
1 0 0 0 0 0 0 0 0 1 
1 0 0 0 0 0 0 0 0 1 
1 0 0 0 0 0 0 0 0 1 
1 0 0 0 0 0 0 0 0 1 
1 0 0 0 0 0 0 0 0 1 
1 0 0 0 0 0 0 0 0 1 
1 0 0 0 0 0 0 0 0 1 
1 0 0 0 0 0 0 0 0 1 
1 1 1 1 0 0 1 1 1 1 
