8 6
ball_x
3
ball_y
4
dots
1 1 0 0 0 1 1 
1 1 1 0 1 1 1 
1 0 0 0 0 0 1 
1 0 0 0 0 0 1 
1 0 0 0 0 0 1 
1 0 0 1 0 0 1 
1 0 0 0 0 0 1 
1 0 0 0 0 0 1 
1 0 0 0 0 0 1 
1 1 1 0 1 1 1 
1 1 0 0 0 1 1 
vert
1 1 1 0 1 1 1 
1 0 0 0 0 0 1 
1 0 0 0 0 0 1 
1 0 0 0 0 0 1 
1 0 0 0 0 0 1 
1 0 0 0 0 0 1 
1 0 0 0 0 0 1 
1 0 0 0 0 0 1 
1 0 0 0 0 0 1 
1 1 1 0 1 1 1 
hor
1 1 1 0 0 1 1 1 
1 0 0 0 0 0 0 1 
1 0 0 0 0 0 0 1 
1 0 0 0 0 0 0 1 
1 0 0 0 0 0 0 1 
1 0 0 0 0 0 0 1 
1 0 0 0 0 0 0 1 
1 0 0 0 0 0 0 1 
1 1 1 0 0 1 1 1 
diag
1 1 1 0 0 1 1 1 
1 0 0 0 0 0 0 1 
1 0 0 0 0 0 0 1 
1 0 0 0 0 0 0 1 
1 0 0 0 0 0 0 1 
1 0 0 0 0 0 0 1 
1 0 0 0 0 0 0 1 
1 0 0 0 0 0 0 1 
1 0 0 0 0 0 0 1 
1 1 1 0 0 1 1 1 
adiag
1 1 1 0 0 1 1 1 
1 0 0 0 0 0 0 1 
1 0 0 0 0 0 0 1 
1 0 0 0 0 0 0 1 
1 0 0 0 0 0 0 1 
1 0 0 0 0 0 0 1 
1 0 0 0 0 0 0 1 
1 0 0 0 0 0 0 1 
1 0 0 0 0 0 0 1 
1 1 1 0 0 1 1 1 
